Idle 6 1
16,142,48,187,0,0
67,143,100,187,0,0
115,144,148,187,0,0
166,143,199,187,0,0
211,142,243,187,0,0
256,142,287,187,0,0
Walk 6 1
18,235,48,273,0,0
63,236,93,272,0,0
110,235,140,274,0,0
151,234,182,274,0,0
194,235,223,274,0,0
235,234,269,274,0,0
Jump 5 0
255,335,285,376,0,0
297,335,327,376,0,0
342,332,369,376,0,0
382,331,409,376,0,0
382,331,409,376,0,0
Run 6 1
336,236,372,274,0,0
386,238,428,274,0,0
442,238,474,274,0,0
485,236,519,274,0,0
532,238,568,274,0,0
587,238,616,274,0,0
Attack 4 0
356,770,400,807,0,0
419,769,457,807,0,0
477,770,511,807,0,0
477,770,511,807,0,0
ComboAttack 14 0
20,554,50,598,0,0
67,558,112,598,0,0
128,556,170,598,0,0
185,562,217,598,0,0
232,553,259,598,0,0
277,556,322,598,0,0
338,559,380,598,0,0
395,560,425,598,0,0
441,559,477,596,0,0
491,563,544,598,0,0
557,562,608,598,0,0
622,562,671,598,0,0
687,561,721,598,0,0
687,561,721,598,0,0
Hurt_Short 3 0
291,452,323,492,0,0
339,452,369,492,0,0
339,452,369,492,0,0
Hurt_Long 7 0
291,452,323,492,0,0
339,452,369,492,0,0
391,456,424,487,0,0
440,471,481,489,0,0
495,477,539,492,0,0
553,460,580,492,0,0
553,460,580,492,0,0